AGENT 0 
CELLSEQ: [(4, 5), (4, 5), (4, 6), (4, 6), (5, 6), (5, 6), (5, 7), (5, 7), (5, 8), (5, 8), (5, 9), (5, 9), (5, 10), (5, 10), (5, 11), (5, 11), (5, 12), (5, 12), (5, 13), (5, 13), (6, 13), (6, 13), (6, 14), (6, 14), (6, 15), (6, 15), (6, 15), (6, 15), (6, 15), (6, 15), (6, 15), (6, 15), (6, 15), (6, 15), (6, 15), (6, 15), (6, 15), (6, 15), (6, 15), (6, 15), (6, 15), (6, 15), (6, 15), (6, 15), (6, 15), (6, 15), (6, 15), (6, 15), (6, 15), (6, 15), (6, 15), (6, 15), (6, 15), (6, 15), (6, 15), (6, 15), (6, 15), (6, 15), (6, 15), (6, 15), (6, 15), (6, 15), (6, 15), (6, 15), (6, 15), (6, 15), (6, 15), (6, 15), (6, 15), (6, 15), (6, 15), (6, 15), (6, 15), (6, 15), (6, 15), (6, 15), (6, 15), (6, 15), (6, 15), (6, 15), (6, 15), (6, 15), (6, 15), (6, 15), (6, 15), (6, 15), (6, 15), (6, 15), (6, 15), (6, 15), (6, 15), (6, 15), (6, 15), (6, 15), (6, 15), (6, 15), (6, 15), (6, 15), (6, 15), (6, 15), (6, 15), (6, 15), (6, 15), (6, 15), (6, 15), (6, 15), (6, 15), (6, 15), (6, 15), (6, 15), (6, 15), (6, 15), (6, 15), (6, 15), (6, 15), (6, 15), (6, 15), (6, 15), (6, 15), (6, 15), (6, 15), (6, 15), (6, 15), (6, 15), (6, 15), (6, 15), (6, 15), (6, 15), (6, 15), (6, 15), (6, 15), (6, 15), (6, 15), (6, 15), (6, 15), (6, 15), (6, 15), (6, 15), (6, 15), (6, 15), (6, 15), (6, 15), (6, 15), (6, 15), (6, 15), (6, 15), (6, 15), (6, 15), (6, 15), (6, 15), (6, 15), (6, 15), (6, 15), (6, 15), (6, 15), (6, 15), (6, 15), (6, 15), (6, 15), (6, 15), (6, 15), (6, 15), (6, 15), (6, 15), (6, 15), (6, 15), (6, 15), (6, 15), (6, 15), (6, 15), (6, 15), (6, 15), (6, 15), (6, 15), (6, 15), (6, 15), (6, 15), (6, 15), (6, 15), (6, 15), (6, 15), (6, 15), (6, 15), (6, 15), (6, 15), (6, 15), (6, 15), (6, 15), (6, 15), (6, 15), (6, 15), (6, 15), (6, 15), (6, 15), (6, 15), (6, 15), (6, 15), (6, 15), (6, 15), (6, 15), (6, 15), (6, 15), (6, 15), (6, 15), (6, 15), (6, 15), (6, 15), (6, 15), (6, 15), (6, 15), (6, 15), (6, 15), (6, 15), (6, 15), (6, 15), (6, 15), (6, 15), (6, 15), (6, 15), (6, 15), (6, 15), (6, 15), (6, 15), (6, 15), (6, 15), (6, 15), (6, 15), (6, 15), (6, 15), (6, 15), (6, 15), (6, 15), (6, 15), (6, 15), (6, 15), (6, 15), (6, 15), (6, 15), (6, 15), (6, 15), (6, 15), (6, 15), (6, 15), (6, 15), (6, 15), (6, 15), (6, 15), (6, 15), (6, 15), (6, 15), (6, 15), (6, 15), (6, 15), (6, 15), (6, 15), (6, 15), (6, 15), (6, 15), (6, 15), (6, 15), (6, 15), (6, 15), (6, 15), (6, 15), (6, 15), (6, 15), (6, 15), (6, 15), (6, 15), (6, 15), (6, 15), (6, 15), (6, 15), (6, 15), (6, 15), (6, 15), (6, 15), (6, 15), (6, 15), (6, 15), (6, 15), (6, 15), (6, 15), (6, 15), (6, 15), (6, 15), (6, 15), (6, 15), (6, 15), (6, 15), (6, 15), (6, 15), (6, 15), (6, 15), (6, 15), (6, 15), (6, 15), (6, 15), (6, 15), (6, 15), (6, 15), (6, 15), (6, 15), (6, 15), (6, 15), (6, 15), (6, 15), (6, 15), (6, 15), (6, 15), (6, 15), (6, 15), (6, 15), (6, 15), (6, 15), (6, 15), (6, 15), (6, 15), (6, 15), (6, 15), (6, 15), (6, 15), (6, 15), (6, 15), (6, 15), (6, 15), (6, 15), (6, 15), (6, 15), (6, 15), (6, 15), (6, 15), (6, 15), (6, 15), (6, 15), (6, 15), (6, 15), (6, 15), (6, 15), (6, 15), (6, 15), (6, 15), (6, 15), (6, 15), (6, 15), (6, 15), (6, 15), (6, 15), (6, 15), (6, 15), (6, 15), (6, 15), (6, 15), (6, 15), (6, 15), (6, 15), (6, 15), (6, 15), (6, 15), (6, 15), (6, 15), (6, 15), (6, 15), (6, 15), (6, 15), (6, 15), (6, 15), (6, 15), (6, 15), (6, 15), (6, 15), (6, 15), (6, 15), (6, 15), (6, 15), (6, 15), (6, 15), (6, 15), (6, 15), (6, 15), (6, 15), (6, 15), (6, 15), (6, 15), (6, 15), (6, 15), (6, 15), (6, 15), (6, 15), (6, 15), (6, 15), (6, 15), (6, 15), (6, 15), (6, 15), (6, 15), (6, 15), (6, 15), (6, 15), (6, 15), (6, 15), (6, 15), (6, 15), (6, 15), (6, 15), (6, 15), (6, 15), (6, 15), (6, 15), (6, 15), (6, 15), (6, 15), (6, 15), (6, 15), (6, 15), (6, 15), (6, 15), (6, 15), (6, 15), (6, 15), (6, 15), (6, 15), (6, 15), (6, 15), (6, 15), (6, 15), (6, 15), (6, 15), (6, 15), (6, 15), (6, 15), (6, 15), (6, 15), (6, 15), (6, 15), (6, 15), (6, 15), (6, 15), (6, 15), (6, 15), (6, 15), (6, 15), (6, 15), (6, 15), (6, 15), (6, 15), (6, 15), (6, 15), (6, 15), (6, 15), (6, 15), (6, 15), (6, 15), (6, 15), (6, 15), (6, 15), (6, 15), (6, 15), (6, 15), (6, 15), (6, 15), (6, 15), (6, 15), (6, 15), (6, 15), (6, 15), (6, 15), (6, 15), (6, 15), (6, 15), (6, 15), (6, 15), (6, 15), (6, 15), (6, 15), (6, 15), (6, 15), (6, 15), (6, 15), (6, 15), (6, 15), (6, 15), (6, 15), (6, 15), (6, 15), (6, 15), (6, 15), (6, 15), (6, 15), (6, 15), (6, 15), (6, 15), (6, 15), (6, 15), (6, 15), (6, 15), (6, 15), (6, 15), (6, 15), (6, 15), (6, 15)] 
 ·    ·    ·    ·    ·    ·    ·    ·    ·    ·    ·    ·    ·    ·    ·    ·    ·    ·    ·    ·   
 ·    ·    ·    ·    ·    ·    ·    ·    ·    ·    ·    ·    ·    ·    ·    ·    ·    ·    ·    ·   
 ·    ·    ·    ·    ·    ·    ·    ·    ·    ·    ·    ·    ·    ·    ·    ·    ·    ·    ·    ·   
 ·    ·    ·    ·    ·    ·    ·    ·    ·    ·    ·    ·    ·    ·    ·    ·    ·    ·    ·    ·   
 ·    ·    ·    ·    ·    1    3    ·    ·    ·    ·    ·    ·    ·    ·    ·    ·    ·    ·    ·   
 ·    ·    ·    ·    ·    ·    5    7    9    11   13   15   17   19   ·    ·    ·    ·    ·    ·   
 ·    ·    ·    ·    ·    ·    ·    ·    ·    ·    ·    ·    ·    21   23  500   ·    ·    ·    ·   
 ·    ·    ·    ·    ·    ·    ·    ·    ·    ·    ·    ·    ·    ·    ·    ·    ·    ·    ·    ·   
 ·    ·    ·    ·    ·    ·    ·    ·    ·    ·    ·    ·    ·    ·    ·    ·    ·    ·    ·    ·   
 ·    ·    ·    ·    ·    ·    ·    ·    ·    ·    ·    ·    ·    ·    ·    ·    ·    ·    ·    ·   
 ·    ·    ·    ·    ·    ·    ·    ·    ·    ·    ·    ·    ·    ·    ·    ·    ·    ·    ·    ·   
 ·    ·    ·    ·    ·    ·    ·    ·    ·    ·    ·    ·    ·    ·    ·    ·    ·    ·    ·    ·   
 ·    ·    ·    ·    ·    ·    ·    ·    ·    ·    ·    ·    ·    ·    ·    ·    ·    ·    ·    ·   
 ·    ·    ·    ·    ·    ·    ·    ·    ·    ·    ·    ·    ·    ·    ·    ·    ·    ·    ·    ·   
 ·    ·    ·    ·    ·    ·    ·    ·    ·    ·    ·    ·    ·    ·    ·    ·    ·    ·    ·    ·   
 ·    ·    ·    ·    ·    ·    ·    ·    ·    ·    ·    ·    ·    ·    ·    ·    ·    ·    ·    ·   
 ·    ·    ·    ·    ·    ·    ·    ·    ·    ·    ·    ·    ·    ·    ·    ·    ·    ·    ·    ·   
 ·    ·    ·    ·    ·    ·    ·    ·    ·    ·    ·    ·    ·    ·    ·    ·    ·    ·    ·    ·   
 ·    ·    ·    ·    ·    ·    ·    ·    ·    ·    ·    ·    ·    ·    ·    ·    ·    ·    ·    ·   
 ·    ·    ·    ·    ·    ·    ·    ·    ·    ·    ·    ·    ·    ·    ·    ·    ·    ·    ·    ·   


AGENT 1 
CELLSEQ: [(4, 5), (4, 5), (4, 5), (4, 6), (4, 6), (4, 6), (5, 6), (5, 6), (5, 6), (5, 7), (5, 7), (5, 7), (5, 8), (5, 8), (5, 8), (5, 9), (5, 9), (5, 9), (5, 10), (5, 10), (5, 10), (5, 11), (5, 11), (5, 11), (5, 12), (5, 12), (5, 12), (5, 13), (5, 13), (5, 13), (6, 13), (6, 13), (6, 13), (6, 14), (6, 14), (6, 14), (6, 15), (6, 15), (6, 15), (6, 15), (6, 15), (6, 15), (6, 15), (6, 15), (6, 15), (6, 15), (6, 15), (6, 15), (6, 15), (6, 15), (6, 15), (6, 15), (6, 15), (6, 15), (6, 15), (6, 15), (6, 15), (6, 15), (6, 15), (6, 15), (6, 15), (6, 15), (6, 15), (6, 15), (6, 15), (6, 15), (6, 15), (6, 15), (6, 15), (6, 15), (6, 15), (6, 15), (6, 15), (6, 15), (6, 15), (6, 15), (6, 15), (6, 15), (6, 15), (6, 15), (6, 15), (6, 15), (6, 15), (6, 15), (6, 15), (6, 15), (6, 15), (6, 15), (6, 15), (6, 15), (6, 15), (6, 15), (6, 15), (6, 15), (6, 15), (6, 15), (6, 15), (6, 15), (6, 15), (6, 15), (6, 15), (6, 15), (6, 15), (6, 15), (6, 15), (6, 15), (6, 15), (6, 15), (6, 15), (6, 15), (6, 15), (6, 15), (6, 15), (6, 15), (6, 15), (6, 15), (6, 15), (6, 15), (6, 15), (6, 15), (6, 15), (6, 15), (6, 15), (6, 15), (6, 15), (6, 15), (6, 15), (6, 15), (6, 15), (6, 15), (6, 15), (6, 15), (6, 15), (6, 15), (6, 15), (6, 15), (6, 15), (6, 15), (6, 15), (6, 15), (6, 15), (6, 15), (6, 15), (6, 15), (6, 15), (6, 15), (6, 15), (6, 15), (6, 15), (6, 15), (6, 15), (6, 15), (6, 15), (6, 15), (6, 15), (6, 15), (6, 15), (6, 15), (6, 15), (6, 15), (6, 15), (6, 15), (6, 15), (6, 15), (6, 15), (6, 15), (6, 15), (6, 15), (6, 15), (6, 15), (6, 15), (6, 15), (6, 15), (6, 15), (6, 15), (6, 15), (6, 15), (6, 15), (6, 15), (6, 15), (6, 15), (6, 15), (6, 15), (6, 15), (6, 15), (6, 15), (6, 15), (6, 15), (6, 15), (6, 15), (6, 15), (6, 15), (6, 15), (6, 15), (6, 15), (6, 15), (6, 15), (6, 15), (6, 15), (6, 15), (6, 15), (6, 15), (6, 15), (6, 15), (6, 15), (6, 15), (6, 15), (6, 15), (6, 15), (6, 15), (6, 15), (6, 15), (6, 15), (6, 15), (6, 15), (6, 15), (6, 15), (6, 15), (6, 15), (6, 15), (6, 15), (6, 15), (6, 15), (6, 15), (6, 15), (6, 15), (6, 15), (6, 15), (6, 15), (6, 15), (6, 15), (6, 15), (6, 15), (6, 15), (6, 15), (6, 15), (6, 15), (6, 15), (6, 15), (6, 15), (6, 15), (6, 15), (6, 15), (6, 15), (6, 15), (6, 15), (6, 15), (6, 15), (6, 15), (6, 15), (6, 15), (6, 15), (6, 15), (6, 15), (6, 15), (6, 15), (6, 15), (6, 15), (6, 15), (6, 15), (6, 15), (6, 15), (6, 15), (6, 15), (6, 15), (6, 15), (6, 15), (6, 15), (6, 15), (6, 15), (6, 15), (6, 15), (6, 15), (6, 15), (6, 15), (6, 15), (6, 15), (6, 15), (6, 15), (6, 15), (6, 15), (6, 15), (6, 15), (6, 15), (6, 15), (6, 15), (6, 15), (6, 15), (6, 15), (6, 15), (6, 15), (6, 15), (6, 15), (6, 15), (6, 15), (6, 15), (6, 15), (6, 15), (6, 15), (6, 15), (6, 15), (6, 15), (6, 15), (6, 15), (6, 15), (6, 15), (6, 15), (6, 15), (6, 15), (6, 15), (6, 15), (6, 15), (6, 15), (6, 15), (6, 15), (6, 15), (6, 15), (6, 15), (6, 15), (6, 15), (6, 15), (6, 15), (6, 15), (6, 15), (6, 15), (6, 15), (6, 15), (6, 15), (6, 15), (6, 15), (6, 15), (6, 15), (6, 15), (6, 15), (6, 15), (6, 15), (6, 15), (6, 15), (6, 15), (6, 15), (6, 15), (6, 15), (6, 15), (6, 15), (6, 15), (6, 15), (6, 15), (6, 15), (6, 15), (6, 15), (6, 15), (6, 15), (6, 15), (6, 15), (6, 15), (6, 15), (6, 15), (6, 15), (6, 15), (6, 15), (6, 15), (6, 15), (6, 15), (6, 15), (6, 15), (6, 15), (6, 15), (6, 15), (6, 15), (6, 15), (6, 15), (6, 15), (6, 15), (6, 15), (6, 15), (6, 15), (6, 15), (6, 15), (6, 15), (6, 15), (6, 15), (6, 15), (6, 15), (6, 15), (6, 15), (6, 15), (6, 15), (6, 15), (6, 15), (6, 15), (6, 15), (6, 15), (6, 15), (6, 15), (6, 15), (6, 15), (6, 15), (6, 15), (6, 15), (6, 15), (6, 15), (6, 15), (6, 15), (6, 15), (6, 15), (6, 15), (6, 15), (6, 15), (6, 15), (6, 15), (6, 15), (6, 15), (6, 15), (6, 15), (6, 15), (6, 15), (6, 15), (6, 15), (6, 15), (6, 15), (6, 15), (6, 15), (6, 15), (6, 15), (6, 15), (6, 15), (6, 15), (6, 15), (6, 15), (6, 15), (6, 15), (6, 15), (6, 15), (6, 15), (6, 15), (6, 15), (6, 15), (6, 15), (6, 15), (6, 15), (6, 15), (6, 15), (6, 15), (6, 15), (6, 15), (6, 15), (6, 15), (6, 15), (6, 15), (6, 15), (6, 15), (6, 15), (6, 15), (6, 15), (6, 15), (6, 15), (6, 15), (6, 15), (6, 15), (6, 15), (6, 15), (6, 15), (6, 15), (6, 15), (6, 15), (6, 15), (6, 15), (6, 15), (6, 15), (6, 15), (6, 15), (6, 15), (6, 15), (6, 15), (6, 15), (6, 15), (6, 15), (6, 15), (6, 15), (6, 15), (6, 15), (6, 15), (6, 15), (6, 15), (6, 15), (6, 15), (6, 15), (6, 15), (6, 15), (6, 15), (6, 15), (6, 15), (6, 15), (6, 15), (6, 15), (6, 15), (6, 15), (6, 15), (6, 15), (6, 15), (6, 15)] 
 ·    ·    ·    ·    ·    ·    ·    ·    ·    ·    ·    ·    ·    ·    ·    ·    ·    ·    ·    ·   
 ·    ·    ·    ·    ·    ·    ·    ·    ·    ·    ·    ·    ·    ·    ·    ·    ·    ·    ·    ·   
 ·    ·    ·    ·    ·    ·    ·    ·    ·    ·    ·    ·    ·    ·    ·    ·    ·    ·    ·    ·   
 ·    ·    ·    ·    ·    ·    ·    ·    ·    ·    ·    ·    ·    ·    ·    ·    ·    ·    ·    ·   
 ·    ·    ·    ·    ·    2    5    ·    ·    ·    ·    ·    ·    ·    ·    ·    ·    ·    ·    ·   
 ·    ·    ·    ·    ·    ·    8    11   14   17   20   23   26   29   ·    ·    ·    ·    ·    ·   
 ·    ·    ·    ·    ·    ·    ·    ·    ·    ·    ·    ·    ·    32   35  500   ·    ·    ·    ·   
 ·    ·    ·    ·    ·    ·    ·    ·    ·    ·    ·    ·    ·    ·    ·    ·    ·    ·    ·    ·   
 ·    ·    ·    ·    ·    ·    ·    ·    ·    ·    ·    ·    ·    ·    ·    ·    ·    ·    ·    ·   
 ·    ·    ·    ·    ·    ·    ·    ·    ·    ·    ·    ·    ·    ·    ·    ·    ·    ·    ·    ·   
 ·    ·    ·    ·    ·    ·    ·    ·    ·    ·    ·    ·    ·    ·    ·    ·    ·    ·    ·    ·   
 ·    ·    ·    ·    ·    ·    ·    ·    ·    ·    ·    ·    ·    ·    ·    ·    ·    ·    ·    ·   
 ·    ·    ·    ·    ·    ·    ·    ·    ·    ·    ·    ·    ·    ·    ·    ·    ·    ·    ·    ·   
 ·    ·    ·    ·    ·    ·    ·    ·    ·    ·    ·    ·    ·    ·    ·    ·    ·    ·    ·    ·   
 ·    ·    ·    ·    ·    ·    ·    ·    ·    ·    ·    ·    ·    ·    ·    ·    ·    ·    ·    ·   
 ·    ·    ·    ·    ·    ·    ·    ·    ·    ·    ·    ·    ·    ·    ·    ·    ·    ·    ·    ·   
 ·    ·    ·    ·    ·    ·    ·    ·    ·    ·    ·    ·    ·    ·    ·    ·    ·    ·    ·    ·   
 ·    ·    ·    ·    ·    ·    ·    ·    ·    ·    ·    ·    ·    ·    ·    ·    ·    ·    ·    ·   
 ·    ·    ·    ·    ·    ·    ·    ·    ·    ·    ·    ·    ·    ·    ·    ·    ·    ·    ·    ·   
 ·    ·    ·    ·    ·    ·    ·    ·    ·    ·    ·    ·    ·    ·    ·    ·    ·    ·    ·    ·   


AGENT 2 
CELLSEQ: [(15, 5), (14, 5), (13, 5), (12, 5), (11, 5), (11, 6), (11, 7), (11, 8), (11, 9), (11, 10), (10, 10), (9, 10), (9, 11), (9, 12), (9, 13), (9, 14), (9, 15), (9, 16), (9, 17), (9, 18), (9, 19), (8, 19), (7, 19), (6, 19), (6, 18), (6, 17), (6, 16), (6, 15), (6, 15), (6, 15), (6, 15), (6, 15), (6, 15), (6, 15), (6, 15), (6, 15), (6, 15), (6, 15), (6, 15), (6, 15), (6, 15), (6, 15), (6, 15), (6, 15), (6, 15), (6, 15), (6, 15), (6, 15), (6, 15), (6, 15), (6, 15), (6, 15), (6, 15), (6, 15), (6, 15), (6, 15), (6, 15), (6, 15), (6, 15), (6, 15), (6, 15), (6, 15), (6, 15), (6, 15), (6, 15), (6, 15), (6, 15), (6, 15), (6, 15), (6, 15), (6, 15), (6, 15), (6, 15), (6, 15), (6, 15), (6, 15), (6, 15), (6, 15), (6, 15), (6, 15), (6, 15), (6, 15), (6, 15), (6, 15), (6, 15), (6, 15), (6, 15), (6, 15), (6, 15), (6, 15), (6, 15), (6, 15), (6, 15), (6, 15), (6, 15), (6, 15), (6, 15), (6, 15), (6, 15), (6, 15), (6, 15), (6, 15), (6, 15), (6, 15), (6, 15), (6, 15), (6, 15), (6, 15), (6, 15), (6, 15), (6, 15), (6, 15), (6, 15), (6, 15), (6, 15), (6, 15), (6, 15), (6, 15), (6, 15), (6, 15), (6, 15), (6, 15), (6, 15), (6, 15), (6, 15), (6, 15), (6, 15), (6, 15), (6, 15), (6, 15), (6, 15), (6, 15), (6, 15), (6, 15), (6, 15), (6, 15), (6, 15), (6, 15), (6, 15), (6, 15), (6, 15), (6, 15), (6, 15), (6, 15), (6, 15), (6, 15), (6, 15), (6, 15), (6, 15), (6, 15), (6, 15), (6, 15), (6, 15), (6, 15), (6, 15), (6, 15), (6, 15), (6, 15), (6, 15), (6, 15), (6, 15), (6, 15), (6, 15), (6, 15), (6, 15), (6, 15), (6, 15), (6, 15), (6, 15), (6, 15), (6, 15), (6, 15), (6, 15), (6, 15), (6, 15), (6, 15), (6, 15), (6, 15), (6, 15), (6, 15), (6, 15), (6, 15), (6, 15), (6, 15), (6, 15), (6, 15), (6, 15), (6, 15), (6, 15), (6, 15), (6, 15), (6, 15), (6, 15), (6, 15), (6, 15), (6, 15), (6, 15), (6, 15), (6, 15), (6, 15), (6, 15), (6, 15), (6, 15), (6, 15), (6, 15), (6, 15), (6, 15), (6, 15), (6, 15), (6, 15), (6, 15), (6, 15), (6, 15), (6, 15), (6, 15), (6, 15), (6, 15), (6, 15), (6, 15), (6, 15), (6, 15), (6, 15), (6, 15), (6, 15), (6, 15), (6, 15), (6, 15), (6, 15), (6, 15), (6, 15), (6, 15), (6, 15), (6, 15), (6, 15), (6, 15), (6, 15), (6, 15), (6, 15), (6, 15), (6, 15), (6, 15), (6, 15), (6, 15), (6, 15), (6, 15), (6, 15), (6, 15), (6, 15), (6, 15), (6, 15), (6, 15), (6, 15), (6, 15), (6, 15), (6, 15), (6, 15), (6, 15), (6, 15), (6, 15), (6, 15), (6, 15), (6, 15), (6, 15), (6, 15), (6, 15), (6, 15), (6, 15), (6, 15), (6, 15), (6, 15), (6, 15), (6, 15), (6, 15), (6, 15), (6, 15), (6, 15), (6, 15), (6, 15), (6, 15), (6, 15), (6, 15), (6, 15), (6, 15), (6, 15), (6, 15), (6, 15), (6, 15), (6, 15), (6, 15), (6, 15), (6, 15), (6, 15), (6, 15), (6, 15), (6, 15), (6, 15), (6, 15), (6, 15), (6, 15), (6, 15), (6, 15), (6, 15), (6, 15), (6, 15), (6, 15), (6, 15), (6, 15), (6, 15), (6, 15), (6, 15), (6, 15), (6, 15), (6, 15), (6, 15), (6, 15), (6, 15), (6, 15), (6, 15), (6, 15), (6, 15), (6, 15), (6, 15), (6, 15), (6, 15), (6, 15), (6, 15), (6, 15), (6, 15), (6, 15), (6, 15), (6, 15), (6, 15), (6, 15), (6, 15), (6, 15), (6, 15), (6, 15), (6, 15), (6, 15), (6, 15), (6, 15), (6, 15), (6, 15), (6, 15), (6, 15), (6, 15), (6, 15), (6, 15), (6, 15), (6, 15), (6, 15), (6, 15), (6, 15), (6, 15), (6, 15), (6, 15), (6, 15), (6, 15), (6, 15), (6, 15), (6, 15), (6, 15), (6, 15), (6, 15), (6, 15), (6, 15), (6, 15), (6, 15), (6, 15), (6, 15), (6, 15), (6, 15), (6, 15), (6, 15), (6, 15), (6, 15), (6, 15), (6, 15), (6, 15), (6, 15), (6, 15), (6, 15), (6, 15), (6, 15), (6, 15), (6, 15), (6, 15), (6, 15), (6, 15), (6, 15), (6, 15), (6, 15), (6, 15), (6, 15), (6, 15), (6, 15), (6, 15), (6, 15), (6, 15), (6, 15), (6, 15), (6, 15), (6, 15), (6, 15), (6, 15), (6, 15), (6, 15), (6, 15), (6, 15), (6, 15), (6, 15), (6, 15), (6, 15), (6, 15), (6, 15), (6, 15), (6, 15), (6, 15), (6, 15), (6, 15), (6, 15), (6, 15), (6, 15), (6, 15), (6, 15), (6, 15), (6, 15), (6, 15), (6, 15), (6, 15), (6, 15), (6, 15), (6, 15), (6, 15), (6, 15), (6, 15), (6, 15), (6, 15), (6, 15), (6, 15), (6, 15), (6, 15), (6, 15), (6, 15), (6, 15), (6, 15), (6, 15), (6, 15), (6, 15), (6, 15), (6, 15), (6, 15), (6, 15), (6, 15), (6, 15), (6, 15), (6, 15), (6, 15), (6, 15), (6, 15), (6, 15), (6, 15), (6, 15), (6, 15), (6, 15), (6, 15), (6, 15), (6, 15), (6, 15), (6, 15), (6, 15), (6, 15), (6, 15), (6, 15), (6, 15), (6, 15), (6, 15), (6, 15), (6, 15), (6, 15), (6, 15), (6, 15), (6, 15), (6, 15), (6, 15), (6, 15), (6, 15), (6, 15), (6, 15), (6, 15), (6, 15), (6, 15), (6, 15), (6, 15), (6, 15), (6, 15), (6, 15), (6, 15), (6, 15), (6, 15), (6, 15)] 
 ·    ·    ·    ·    ·    ·    ·    ·    ·    ·    ·    ·    ·    ·    ·    ·    ·    ·    ·    ·   
 ·    ·    ·    ·    ·    ·    ·    ·    ·    ·    ·    ·    ·    ·    ·    ·    ·    ·    ·    ·   
 ·    ·    ·    ·    ·    ·    ·    ·    ·    ·    ·    ·    ·    ·    ·    ·    ·    ·    ·    ·   
 ·    ·    ·    ·    ·    ·    ·    ·    ·    ·    ·    ·    ·    ·    ·    ·    ·    ·    ·    ·   
 ·    ·    ·    ·    ·    ·    ·    ·    ·    ·    ·    ·    ·    ·    ·    ·    ·    ·    ·    ·   
 ·    ·    ·    ·    ·    ·    ·    ·    ·    ·    ·    ·    ·    ·    ·    ·    ·    ·    ·    ·   
 ·    ·    ·    ·    ·    ·    ·    ·    ·    ·    ·    ·    ·    ·    ·   500   26   25   24   23  
 ·    ·    ·    ·    ·    ·    ·    ·    ·    ·    ·    ·    ·    ·    ·    ·    ·    ·    ·    22  
 ·    ·    ·    ·    ·    ·    ·    ·    ·    ·    ·    ·    ·    ·    ·    ·    ·    ·    ·    21  
 ·    ·    ·    ·    ·    ·    ·    ·    ·    ·    11   12   13   14   15   16   17   18   19   20  
 ·    ·    ·    ·    ·    ·    ·    ·    ·    ·    10   ·    ·    ·    ·    ·    ·    ·    ·    ·   
 ·    ·    ·    ·    ·    4    5    6    7    8    9    ·    ·    ·    ·    ·    ·    ·    ·    ·   
 ·    ·    ·    ·    ·    3    ·    ·    ·    ·    ·    ·    ·    ·    ·    ·    ·    ·    ·    ·   
 ·    ·    ·    ·    ·    2    ·    ·    ·    ·    ·    ·    ·    ·    ·    ·    ·    ·    ·    ·   
 ·    ·    ·    ·    ·    1    ·    ·    ·    ·    ·    ·    ·    ·    ·    ·    ·    ·    ·    ·   
 ·    ·    ·    ·    ·    0    ·    ·    ·    ·    ·    ·    ·    ·    ·    ·    ·    ·    ·    ·   
 ·    ·    ·    ·    ·    ·    ·    ·    ·    ·    ·    ·    ·    ·    ·    ·    ·    ·    ·    ·   
 ·    ·    ·    ·    ·    ·    ·    ·    ·    ·    ·    ·    ·    ·    ·    ·    ·    ·    ·    ·   
 ·    ·    ·    ·    ·    ·    ·    ·    ·    ·    ·    ·    ·    ·    ·    ·    ·    ·    ·    ·   
 ·    ·    ·    ·    ·    ·    ·    ·    ·    ·    ·    ·    ·    ·    ·    ·    ·    ·    ·    ·   


AGENT 3 
CELLSEQ: [(5, 15), (5, 15), (5, 14), (5, 14), (5, 13), (5, 13), (5, 12), (5, 12), (5, 11), (5, 11), (5, 10), (5, 10), (5, 9), (5, 9), (5, 8), (5, 8), (5, 7), (5, 7), (5, 6), (5, 6), (5, 5), (5, 5), (5, 5), (5, 5), (5, 5), (5, 5), (5, 5), (5, 5), (5, 5), (5, 5), (5, 5), (5, 5), (5, 5), (5, 5), (5, 5), (5, 5), (5, 5), (5, 5), (5, 5), (5, 5), (5, 5), (5, 5), (5, 5), (5, 5), (5, 5), (5, 5), (5, 5), (5, 5), (5, 5), (5, 5), (5, 5), (5, 5), (5, 5), (5, 5), (5, 5), (5, 5), (5, 5), (5, 5), (5, 5), (5, 5), (5, 5), (5, 5), (5, 5), (5, 5), (5, 5), (5, 5), (5, 5), (5, 5), (5, 5), (5, 5), (5, 5), (5, 5), (5, 5), (5, 5), (5, 5), (5, 5), (5, 5), (5, 5), (5, 5), (5, 5), (5, 5), (5, 5), (5, 5), (5, 5), (5, 5), (5, 5), (5, 5), (5, 5), (5, 5), (5, 5), (5, 5), (5, 5), (5, 5), (5, 5), (5, 5), (5, 5), (5, 5), (5, 5), (5, 5), (5, 5), (5, 5), (5, 5), (5, 5), (5, 5), (5, 5), (5, 5), (5, 5), (5, 5), (5, 5), (5, 5), (5, 5), (5, 5), (5, 5), (5, 5), (5, 5), (5, 5), (5, 5), (5, 5), (5, 5), (5, 5), (5, 5), (5, 5), (5, 5), (5, 5), (5, 5), (5, 5), (5, 5), (5, 5), (5, 5), (5, 5), (5, 5), (5, 5), (5, 5), (5, 5), (5, 5), (5, 5), (5, 5), (5, 5), (5, 5), (5, 5), (5, 5), (5, 5), (5, 5), (5, 5), (5, 5), (5, 5), (5, 5), (5, 5), (5, 5), (5, 5), (5, 5), (5, 5), (5, 5), (5, 5), (5, 5), (5, 5), (5, 5), (5, 5), (5, 5), (5, 5), (5, 5), (5, 5), (5, 5), (5, 5), (5, 5), (5, 5), (5, 5), (5, 5), (5, 5), (5, 5), (5, 5), (5, 5), (5, 5), (5, 5), (5, 5), (5, 5), (5, 5), (5, 5), (5, 5), (5, 5), (5, 5), (5, 5), (5, 5), (5, 5), (5, 5), (5, 5), (5, 5), (5, 5), (5, 5), (5, 5), (5, 5), (5, 5), (5, 5), (5, 5), (5, 5), (5, 5), (5, 5), (5, 5), (5, 5), (5, 5), (5, 5), (5, 5), (5, 5), (5, 5), (5, 5), (5, 5), (5, 5), (5, 5), (5, 5), (5, 5), (5, 5), (5, 5), (5, 5), (5, 5), (5, 5), (5, 5), (5, 5), (5, 5), (5, 5), (5, 5), (5, 5), (5, 5), (5, 5), (5, 5), (5, 5), (5, 5), (5, 5), (5, 5), (5, 5), (5, 5), (5, 5), (5, 5), (5, 5), (5, 5), (5, 5), (5, 5), (5, 5), (5, 5), (5, 5), (5, 5), (5, 5), (5, 5), (5, 5), (5, 5), (5, 5), (5, 5), (5, 5), (5, 5), (5, 5), (5, 5), (5, 5), (5, 5), (5, 5), (5, 5), (5, 5), (5, 5), (5, 5), (5, 5), (5, 5), (5, 5), (5, 5), (5, 5), (5, 5), (5, 5), (5, 5), (5, 5), (5, 5), (5, 5), (5, 5), (5, 5), (5, 5), (5, 5), (5, 5), (5, 5), (5, 5), (5, 5), (5, 5), (5, 5), (5, 5), (5, 5), (5, 5), (5, 5), (5, 5), (5, 5), (5, 5), (5, 5), (5, 5), (5, 5), (5, 5), (5, 5), (5, 5), (5, 5), (5, 5), (5, 5), (5, 5), (5, 5), (5, 5), (5, 5), (5, 5), (5, 5), (5, 5), (5, 5), (5, 5), (5, 5), (5, 5), (5, 5), (5, 5), (5, 5), (5, 5), (5, 5), (5, 5), (5, 5), (5, 5), (5, 5), (5, 5), (5, 5), (5, 5), (5, 5), (5, 5), (5, 5), (5, 5), (5, 5), (5, 5), (5, 5), (5, 5), (5, 5), (5, 5), (5, 5), (5, 5), (5, 5), (5, 5), (5, 5), (5, 5), (5, 5), (5, 5), (5, 5), (5, 5), (5, 5), (5, 5), (5, 5), (5, 5), (5, 5), (5, 5), (5, 5), (5, 5), (5, 5), (5, 5), (5, 5), (5, 5), (5, 5), (5, 5), (5, 5), (5, 5), (5, 5), (5, 5), (5, 5), (5, 5), (5, 5), (5, 5), (5, 5), (5, 5), (5, 5), (5, 5), (5, 5), (5, 5), (5, 5), (5, 5), (5, 5), (5, 5), (5, 5), (5, 5), (5, 5), (5, 5), (5, 5), (5, 5), (5, 5), (5, 5), (5, 5), (5, 5), (5, 5), (5, 5), (5, 5), (5, 5), (5, 5), (5, 5), (5, 5), (5, 5), (5, 5), (5, 5), (5, 5), (5, 5), (5, 5), (5, 5), (5, 5), (5, 5), (5, 5), (5, 5), (5, 5), (5, 5), (5, 5), (5, 5), (5, 5), (5, 5), (5, 5), (5, 5), (5, 5), (5, 5), (5, 5), (5, 5), (5, 5), (5, 5), (5, 5), (5, 5), (5, 5), (5, 5), (5, 5), (5, 5), (5, 5), (5, 5), (5, 5), (5, 5), (5, 5), (5, 5), (5, 5), (5, 5), (5, 5), (5, 5), (5, 5), (5, 5), (5, 5), (5, 5), (5, 5), (5, 5), (5, 5), (5, 5), (5, 5), (5, 5), (5, 5), (5, 5), (5, 5), (5, 5), (5, 5), (5, 5), (5, 5), (5, 5), (5, 5), (5, 5), (5, 5), (5, 5), (5, 5), (5, 5), (5, 5), (5, 5), (5, 5), (5, 5), (5, 5), (5, 5), (5, 5), (5, 5), (5, 5), (5, 5), (5, 5), (5, 5), (5, 5), (5, 5), (5, 5), (5, 5), (5, 5), (5, 5), (5, 5), (5, 5), (5, 5), (5, 5), (5, 5), (5, 5), (5, 5), (5, 5), (5, 5), (5, 5), (5, 5), (5, 5), (5, 5), (5, 5), (5, 5), (5, 5), (5, 5), (5, 5), (5, 5), (5, 5), (5, 5), (5, 5), (5, 5), (5, 5), (5, 5), (5, 5), (5, 5), (5, 5), (5, 5), (5, 5), (5, 5), (5, 5)] 
 ·    ·    ·    ·    ·    ·    ·    ·    ·    ·    ·    ·    ·    ·    ·    ·    ·    ·    ·    ·   
 ·    ·    ·    ·    ·    ·    ·    ·    ·    ·    ·    ·    ·    ·    ·    ·    ·    ·    ·    ·   
 ·    ·    ·    ·    ·    ·    ·    ·    ·    ·    ·    ·    ·    ·    ·    ·    ·    ·    ·    ·   
 ·    ·    ·    ·    ·    ·    ·    ·    ·    ·    ·    ·    ·    ·    ·    ·    ·    ·    ·    ·   
 ·    ·    ·    ·    ·    ·    ·    ·    ·    ·    ·    ·    ·    ·    ·    ·    ·    ·    ·    ·   
 ·    ·    ·    ·    ·   500   19   17   15   13   11   9    7    5    3    1    ·    ·    ·    ·   
 ·    ·    ·    ·    ·    ·    ·    ·    ·    ·    ·    ·    ·    ·    ·    ·    ·    ·    ·    ·   
 ·    ·    ·    ·    ·    ·    ·    ·    ·    ·    ·    ·    ·    ·    ·    ·    ·    ·    ·    ·   
 ·    ·    ·    ·    ·    ·    ·    ·    ·    ·    ·    ·    ·    ·    ·    ·    ·    ·    ·    ·   
 ·    ·    ·    ·    ·    ·    ·    ·    ·    ·    ·    ·    ·    ·    ·    ·    ·    ·    ·    ·   
 ·    ·    ·    ·    ·    ·    ·    ·    ·    ·    ·    ·    ·    ·    ·    ·    ·    ·    ·    ·   
 ·    ·    ·    ·    ·    ·    ·    ·    ·    ·    ·    ·    ·    ·    ·    ·    ·    ·    ·    ·   
 ·    ·    ·    ·    ·    ·    ·    ·    ·    ·    ·    ·    ·    ·    ·    ·    ·    ·    ·    ·   
 ·    ·    ·    ·    ·    ·    ·    ·    ·    ·    ·    ·    ·    ·    ·    ·    ·    ·    ·    ·   
 ·    ·    ·    ·    ·    ·    ·    ·    ·    ·    ·    ·    ·    ·    ·    ·    ·    ·    ·    ·   
 ·    ·    ·    ·    ·    ·    ·    ·    ·    ·    ·    ·    ·    ·    ·    ·    ·    ·    ·    ·   
 ·    ·    ·    ·    ·    ·    ·    ·    ·    ·    ·    ·    ·    ·    ·    ·    ·    ·    ·    ·   
 ·    ·    ·    ·    ·    ·    ·    ·    ·    ·    ·    ·    ·    ·    ·    ·    ·    ·    ·    ·   
 ·    ·    ·    ·    ·    ·    ·    ·    ·    ·    ·    ·    ·    ·    ·    ·    ·    ·    ·    ·   
 ·    ·    ·    ·    ·    ·    ·    ·    ·    ·    ·    ·    ·    ·    ·    ·    ·    ·    ·    ·   


